<?xml version="1.0"?>
<opencv_storage>
<defaultDistortion type_id="opencv-matrix">
  <rows>4</rows>
  <cols>1</cols>
  <dt>f</dt>
  <data>
    -3.1740235091903346e-01 -8.6157434640872499e-02 9.2026812110876845e-03
    4.4950266773574115e-03</data></defaultDistortion>
</opencv_storage>
